4 0.480714 0.966797 0.078571 0.066406
4 0.805893 0.591309 0.001786 0.006836
0 0.439821 0.999023 0.000357 0.001953
0 0.917679 0.686523 0.000357 0.001953
0 0.769643 0.680176 0.011429 0.006836
0 0.762857 0.677734 0.000714 0.001953
0 0.751429 0.660156 0.010000 0.015625
0 0.772679 0.614258 0.001071 0.003906
0 0.746071 0.541992 0.002857 0.005859
0 0.365357 0.576172 0.097143 0.111328
0 0.767679 0.505371 0.001071 0.004883
0 0.762857 0.484863 0.000714 0.004883
0 0.871964 0.543945 0.133929 0.144531
0 0.631429 0.487305 0.075000 0.115234
0 0.867321 0.421387 0.001071 0.002930